100 0.298888
200 0.223525
300 0.200784
400 0.189837
500 0.183402
600 0.179167
700 0.176170
800 0.173936
900 0.172208
1000 0.170830
1100 0.169707
1200 0.168774
1300 0.167986
1400 0.167312
1500 0.166728
1600 0.166218
1700 0.165769
1800 0.165370
1900 0.165014
2000 0.164693
2100 0.164404
2200 0.164140
2300 0.163900
2400 0.163680
2500 0.163478
2600 0.163291
2700 0.163118
2800 0.162958
2900 0.162809
3000 0.162670
3100 0.162539
3200 0.162418
3300 0.162303
3400 0.162195
3500 0.162094
3600 0.161998
3700 0.161907
3800 0.161821
3900 0.161739
4000 0.161662
4100 0.161588
4200 0.161518
4300 0.161451
4400 0.161388
4500 0.161327
4600 0.161268
4700 0.161213
4800 0.161159
4900 0.161108
